V -1.0 0.0 -1.0 -0.89 0.45 0.0 0.0 0.0
V -1.0 0.0  1.0 -0.89 0.45 0.0 1.0 0.0
V  0.0 2.0  0.0 -0.89 0.45 0.0 0.5 1.0

V  1.0 0.0 -1.0 0.89 0.45 0.0 0.0 0.0
V  1.0 0.0  1.0 0.89 0.45 0.0 1.0 0.0
V  0.0 2.0  0.0 0.89 0.45 0.0 0.5 1.0

V -1.0 0.0 -1.0 0.0 0.45 -0.89 0.0 0.0
V  1.0 0.0 -1.0 0.0 0.45 -0.89 1.0 0.0
V  0.0 2.0  0.0 0.0 0.45 -0.89 0.5 1.0

V -1.0 0.0  1.0 0.0 0.45 0.89 0.0 0.0
V  1.0 0.0  1.0 0.0 0.45 0.89 1.0 0.0
V  0.0 2.0  0.0 0.0 0.45 0.89 0.5 1.0

V -1.0  0.0 -1.0 -0.89 -0.45 0.0 0.0 0.0
V -1.0  0.0  1.0 -0.89 -0.45 0.0 1.0 0.0
V  0.0 -2.0  0.0 -0.89 -0.45 0.0 0.5 1.0

V  1.0  0.0 -1.0 0.89 -0.45 0.0 0.0 0.0
V  1.0  0.0  1.0 0.89 -0.45 0.0 1.0 0.0
V  0.0 -2.0  0.0 0.89 -0.45 0.0 0.5 1.0

V -1.0  0.0 -1.0 0.0 -0.45 -0.89 0.0 0.0
V  1.0  0.0 -1.0 0.0 -0.45 -0.89 1.0 0.0
V  0.0 -2.0  0.0 0.0 -0.45 -0.89 0.5 1.0

V -1.0  0.0  1.0 0.0 -0.45 0.89 0.0 0.0
V  1.0  0.0  1.0 0.0 -0.45 0.89 1.0 0.0
V  0.0 -2.0  0.0 0.0 -0.45 0.89 0.5 1.0

I 1 2 3
I 4 5 6
I 7 8 9
I 10 11 12
I 13 14 15
I 16 17 18
I 19 20 21
I 22 23 24