V -1.0 -1.0 -1.0 0.0 0.0
V  1.0 -1.0 -1.0 1.0 0.0
V  1.0  1.0 -1.0 1.0 1.0
V  1.0  1.0 -1.0 1.0 1.0
V -1.0  1.0 -1.0 0.0 1.0
V -1.0 -1.0 -1.0 0.0 0.0
V -1.0 -1.0  1.0 0.0 0.0
V  1.0 -1.0  1.0 1.0 0.0
V  1.0  1.0  1.0 1.0 1.0
V  1.0  1.0  1.0 1.0 1.0
V -1.0  1.0  1.0 0.0 1.0
V -1.0 -1.0  1.0 0.0 0.0
V -1.0  1.0  1.0 1.0 0.0
V -1.0  1.0 -1.0 1.0 1.0
V -1.0 -1.0 -1.0 0.0 1.0
V -1.0 -1.0 -1.0 0.0 1.0
V -1.0 -1.0  1.0 0.0 0.0
V -1.0  1.0  1.0 1.0 0.0
V  1.0  1.0  1.0 1.0 0.0
V  1.0  1.0 -1.0 1.0 1.0
V  1.0 -1.0 -1.0 0.0 1.0
V  1.0 -1.0 -1.0 0.0 1.0
V  1.0 -1.0  1.0 0.0 0.0
V  1.0  1.0  1.0 1.0 0.0
V -1.0 -1.0 -1.0 0.0 1.0
V  1.0 -1.0 -1.0 1.0 1.0
V  1.0 -1.0  1.0 1.0 0.0
V  1.0 -1.0  1.0 1.0 0.0
V -1.0 -1.0  1.0 0.0 0.0
V -1.0 -1.0 -1.0 0.0 1.0
V -1.0  1.0 -1.0 0.0 1.0
V  1.0  1.0 -1.0 1.0 1.0
V  1.0  1.0  1.0 1.0 0.0
V  1.0  1.0  1.0 1.0 0.0
V -1.0  1.0  1.0 0.0 0.0
V -1.0  1.0 -1.0 0.0 1.0
I 1 2 3 
I 4 5 6 
I 7 8 9 
I 10 11 12
I 13 14 15
I 16 17 18
I 19 20 21
I 22 23 24 
I 25 26 27 
I 28 29 30
I 31 32 33 
I 34 35 36