V  0.5 0.2 -0.5
V  0.5 0.2  0.5
V -0.5 0.2  0.5
V -0.5 0.2 -0.5

V  -1.0 -0.5 -0.5
V  -1.0 -0.5  0.5
V -0.5 0.2  0.5
V -0.5 0.2 -0.5

V  1.0 -0.5 -0.5
V  1.0 -0.5  0.5
V 0.5 0.2  0.5
V 0.5 0.2 -0.5

V  0.5 0.2 -0.5
V  0.5 -0.5 -1.0
V -0.5 -0.5 -1.0
V -0.5 0.2 -0.5

V  0.5 0.2 0.5
V  0.5 -0.5 1.0
V -0.5 -0.5 1.0
V -0.5 0.2 0.5

V  0.5 0.2 0.5
V  1.0 -0.5 0.5
V  0.5 -0.5 1.0

V  -0.5 0.2 -0.5
V  -1.0 -0.5 -0.5
V  -0.5 -0.5 -1.0

V  -0.5 0.2 0.5
V  -1.0 -0.5 0.5
V  -0.5 -0.5 1.0

V  0.5 0.2 -0.5
V  1.0 -0.5 -0.5
V  0.5 -0.5 -1.0

V  0.5 -1.5 -0.5
V  0.5 -1.5  0.5
V -0.5 -1.5  0.5
V -0.5 -1.5 -0.5

V  -0.5 -1.5 -0.5
V  -0.5 -1.5  0.5
V -1.0 -0.5  0.5
V -1.0 -0.5 -0.5

V  0.5 -1.5 -0.5
V  0.5 -1.5  0.5
V 1.0 -0.5  0.5
V 1.0 -0.5 -0.5

V  0.5 -0.5 -1.0
V  0.5 -1.5 -0.5
V -0.5 -1.5 -0.5
V -0.5 -0.5 -1.0

V  0.5 -0.5 1.0
V  0.5 -1.5 0.5
V -0.5 -1.5 0.5
V -0.5 -0.5 1.0

V  0.5 -1.5 0.5
V  1.0 -0.5 0.5
V  0.5 -0.5 1.0

V  -0.5 -1.5 -0.5
V  -1.0 -0.5 -0.5
V  -0.5 -0.5 -1.0

V  -0.5 -1.5 0.5
V  -1.0 -0.5 0.5
V  -0.5 -0.5 1.0

V  0.5 -1.5 -0.5
V  1.0 -0.5 -0.5
V  0.5 -0.5 -1.0

V -0.3 -2.25 -0.3
V  0.3 -2.25 -0.3
V  0.3  -1.5 -0.3
V  0.3  -1.5 -0.3
V -0.3  -1.5 -0.3
V -0.3 -2.25 -0.3
V -0.3 -2.25  0.3
V  0.3 -2.25  0.3
V  0.3  -1.5  0.3
V  0.3  -1.5  0.3
V -0.3  -1.5  0.3
V -0.3 -2.25  0.3
V -0.3  -1.5  0.3
V -0.3  -1.5 -0.3
V -0.3 -2.25 -0.3
V -0.3 -2.25 -0.3
V -0.3 -2.25  0.3
V -0.3  -1.5  0.3
V  0.3  -1.5  0.3
V  0.3  -1.5 -0.3
V  0.3 -2.25 -0.3
V  0.3 -2.25 -0.3
V  0.3 -2.25  0.3
V  0.3  -1.5  0.3
V -0.3 -2.25 -0.3
V  0.3 -2.25 -0.3
V  0.3 -2.25  0.3
V  0.3 -2.25  0.3
V -0.3 -2.25  0.3
V -0.3 -2.25 -0.3
V -0.3  -1.5 -0.3
V  0.3  -1.5 -0.3
V  0.3  -1.5  0.3
V  0.3  -1.5  0.3
V -0.3  -1.5  0.3
V -0.3  -1.5 -0.3

I 1 2 3
I 1 3 4

I 5 6 7
I 5 7 8

I 9 10 11
I 9 11 12

I 13 14 15
I 13 15 16

I 17 18 19
I 17 19 20

I 21 22 23
I 24 25 26
I 27 28 29
I 30 31 32

I 33 34 35
I 33 35 36

I 37 38 39
I 37 39 40

I 41 42 43
I 41 43 44

I 45 46 47
I 45 47 48

I 49 50 51
I 49 51 52

I 53 54 55
I 56 57 58
I 59 60 61
I 62 63 64

I 65 66 67
I 68 69 70
I 71 72 73
I 74 75 76
I 77 78 79
I 80 81 82
I 83 84 85
I 86 87 88
I 89 90 91
I 92 93 94
I 95 96 97
I 98 99 100