V  1.0 0.0 -1.0 0.0 1.0 0.0 1.0 0.0
V  1.0 0.0  1.0 0.0 1.0 0.0 1.0 1.0
V -1.0 0.0  1.0 0.0 1.0 0.0 0.0 1.0
V -1.0 0.0 -1.0 0.0 1.0 0.0 0.0 0.0

V -1.0 0.0 -1.0 0.0 1.0 0.0 0.0 0.0
V -1.0 0.0  1.0 0.0 1.0 0.0 1.0 0.0
V  0.0 2.0  0.0 0.0 1.0 0.0 0.5 1.0

V  1.0 0.0 -1.0 0.0 1.0 0.0 0.0 0.0
V  1.0 0.0  1.0 0.0 1.0 0.0 1.0 0.0
V  0.0 2.0  0.0 0.0 1.0 0.0 0.5 1.0

V -1.0 0.0 -1.0 0.0 1.0 0.0 0.0 0.0
V  1.0 0.0 -1.0 0.0 1.0 0.0 1.0 0.0
V  0.0 2.0  0.0 0.0 1.0 0.0 0.5 1.0

V -1.0 0.0  1.0 0.0 1.0 0.0 0.0 0.0
V  1.0 0.0  1.0 0.0 1.0 0.0 1.0 0.0
V  0.0 2.0  0.0 0.0 1.0 0.0 0.5 1.0

I 1 2 3
I 1 3 4
I 5 6 7
I 8 9 10
I 11 12 13
I 14 15 16